338 
816 
1461 
2136 
2925 
3747 
4659 
5561 
6378 
7209 
7950 
8780 
9383 
9968 
10559 
11228 
11800 
12414 
13093 
13261 
13332 
13360 
13375 
13467 
13555 
13630 
13634 
13634 
13634 
13655 
13655 
13655 
13655 
13655 
13655 
13655 
13655 
13655 
13655 
13655 
13655 
13655 
13655 
13655 
13655 
13675 
13675 
13675 
13675 
13675 
13675 
13675 
13675 
13675 
13675 
13675 
13675 
13675 
13675 
13675 
13687 
13687 
13687 
13687 
13687 
13687 
13687 
13687 
13687 
13687 
13687 
13687 
13687 
13687 
13687 
13687 
13687 
13687 
13687 
13687 
13687 
13687 
13687 
13687 
13687 
13687 
13687 
13694 
13694 
13694 
13694 
13694 
13694 
13694 
13694 
13694 
13694 
13694 
13694 
13694 
13694 
13694 
13694 
13694 
13694 
13694 
13694 
13694 
13694 
13694 
13694 
13694 
13694 
13694 
13694 
13711 
13711 
13711 
13711 
13711 
13711 
13711 
13711 
13711 
13711 
13711 
13711 
13711 
13711 
13711 
13711 
13711 
13711 
13711 
13711 
13711 
13711 
13711 
13711 
13711 
13711 
13714 
13714 
13714 
13714 
13714 
13714 
13714 
13714 
13714 
13714 
13714 
13714 
13714 
13714 
13714 
13714 
13714 
13714 
13714 
13714 
13714 
13714 
13714 
13714 
13714 
13714 
13732 
13732 
13732 
13732 
13732 
13732 
13732 
13732 
13732 
13732 
13732 
13732 
13732 
13732 
13732 
13732 
13732 
13732 
13732 
13732 
13732 
13732 
13732 
13732 
13732 
13732 
13735 
13735 
13735 
13735 
13735 
13735 
13735 
13735 
13735 
13735 
13735 
13735 
13735 
13735 
13735 
13735 
13735 
13735 
13735 
13735 
13735 
13735 
13735 
13735 
13735 
13735 
13735 
13748 
13748 
13748 
13748 
13748 
13748 
13748 
13748 
13748 
13748 
13748 
13748 
13748 
13748 
13748 
13748 
13748 
13748 
13748 
13748 
13748 
13748 
13748 
13748 
13748 
13759 
13759 
13759 
13759 
13759 
13759 
13759 
13759 
13759 
13759 
13759 
13759 
13759 
13759 
13759 
13759 
13759 
13759 
13759 
13759 
13759 
13759 
13759 
13759 
13759 
13759 
13767 
13767 
13767 
13767 
13767 
13767 
13767 
13767 
13767 
13767 
13767 
13767 
13767 
13767 
13767 
13767 
13767 
13767 
13767 
13767 
13767 
13767 
13767 
13767 
13767 
13767 
13772 
13772 
13772 
13772 
13772 
13772 
13772 
13772 
13772 
13772 
13772 
13772 
13772 
13772 
13772 
13772 
13772 
13772 
13772 
13772 
13772 
13772 
13772 
13772 
13772 
13772 
13772 
13779 
13779 
13779 
13779 
13779 
13779 
13779 
13779 
13779 
13779 
13779 
13779 
13779 
13779 
13779 
13779 
13779 
13779 
13779 
13779 
13779 
13779 
13779 
13779 
13779 
13779 
13787 
13787 
13787 
13787 
13787 
13787 
13787 
13787 
13787 
13787 
13787 
13787 
13787 
13787 
13787 
13787 
13787 
13787 
13787 
13787 
13787 
13787 
13787 
13787 
13787 
13787 
13807 
13807 
13807 
13807 
13807 
13807 
13807 
13807 
13807 
13807 
13807 
13807 
13807 
13807 
13807 
13807 
13807 
13807 
13807 
13807 
13807 
13807 
13807 
13807 
13807 
13807 
13807 
13811 
13811 
13811 
13811 
13811 
13811 
13811 
13811 
13811 
13811 
13811 
13811 
13811 
13811 
13811 
13811 
13811 
13811 
13811 
13811 
13811 
13811 
13811 
13811 
13811 
13811 
13811 
13811 
13832 
13832 
13832 
13832 
13832 
13832 
13832 
13832 
13832 
13832 
13832 
13832 
13832 
13832 
13832 
13832 
13832 
13832 
13832 
13832 
13832 
13832 
13832 
13832 
13832 
13832 
13832 
13853 
13853 
13853 
13853 
13853 
13853 
13853 
13853 
13853 
13853 
13853 
13853 
13853 
13853 
13853 
13853 
13853 
13853 
13853 
13853 
13853 
13853 
13853 
13853 
13853 
13853 
13853 
13853 
13874 
13874 
13874 
13874 
13874 
13874 
13874 
13874 
13874 
13874 
13874 
13874 
13874 
13874 
13874 
13874 
13874 
13874 
13874 
13874 
13874 
13874 
13874 
13874 
13874 
13874 
13874 
13874 
13878 
13878 
13878 
13878 
13878 
13878 
13878 
13878 
13878 
13878 
13878 
13878 
13878 
13878 
13878 
13878 
13878 
13878 
13878 
13878 
13878 
13878 
13878 
13878 
13878 
13878 
13878 
13878 
13878 
13878 
13892 
13892 
13892 
13892 
13892 
13892 
13892 
13892 
13892 
13892 
13892 
13892 
13892 
13892 
13892 
13901 
13901 
13901 
13901 
13901 
13901 
13901 
13901 
13901 
13901 
13901 
13901 
13901 
13901 
13901 
13901 
13901 
13901 
13901 
13901 
13901 
13901 
13901 
13901 
13901 
13901 
13901 
13901 
13901 
13909 
13909 
13909 
13909 
13909 
13909 
13909 
13909 
13909 
13909 
13909 
13909 
13909 
13909 
13909 
13909 
13924 
13924 
13924 
13924 
13924 
13924 
13924 
13924 
13924 
13924 
13924 
13924 
13924 
13924 
13924 
13924 
13924 
13924 
13944 
13944 
13944 
13944 
13944 
13944 
13944 
13944 
13944 
13944 
13944 
13944 
13944 
13944 
13944 
13944 
13944 
13963 
13963 
13963 
13963 
13963 
13963 
13963 
13963 
13963 
13963 
13963 
13963 
13963 
13963 
13963 
13963 
13963 
13963 
13984 
13984 
13984 
13984 
13984 
13984 
13984 
13984 
13984 
13984 
13984 
13984 
13984 
13984 
13984 
13984 
13984 
13984 
13984 
13990 
13990 
13990 
13990 
13990 
13990 
13990 
13990 
13990 
13990 
13990 
13990 
13990 
13990 
13990 
13990 
13990 
13990 
13990 
13990 
13990 
14001 
14001 
14001 
14001 
14001 
14001 
14001 
14001 
14001 
14001 
14001 
14001 
14001 
14001 
14001 
14001 
14001 
14001 
14001 
14001 
14015 
14015 
14015 
14015 
14015 
14015 
14015 
14015 
14015 
14015 
14015 
14015 
14015 
14015 
14015 
14015 
14015 
14015 
14015 
14015 
14015 
14028 
14028 
14028 
14028 
14028 
14028 
14028 
14028 
14028 
14028 
14028 
14028 
14028 
14028 
14028 
14028 
14028 
14028 
14028 
14028 
14028 
14028 
14047 
14047 
14047 
14047 
14047 
14047 
14047 
14047 
14047 
14047 
14047 
14047 
14047 
14047 
14047 
14047 
14047 
14047 
14047 
14047 
14047 
14047 
14047 
14047 
14049 
14049 
14049 
14049 
14049 
14049 
14049 
14049 
14049 
14049 
14049 
14049 
14049 
14049 
14049 
14049 
14049 
14049 
14049 
14049 
14049 
14049 
14049 
14049 
14064 
14064 
14064 
14064 
14064 
14064 
14064 
14064 
14064 
14064 
14064 
14064 
14064 
14064 
14064 
14064 
14064 
14064 
14064 
14064 
14064 
14064 
14064 
14064 
14064 
14064 
14078 
14078 
14078 
14078 
14078 
14078 
14078 
14078 
14078 
14078 
14078 
14078 
14078 
14078 
14078 
14078 
14078 
14078 
14078 
14078 
14078 
14078 
14078 
14078 
14078 
14078 
14078 
14088 
14088 
14088 
14088 
14088 
14088 
14088 
14088 
14088 
14088 
14088 
14088 
14088 
14088 
14088 
14088 
14088 
14088 
14088 
14088 
14088 
14088 
14088 
14088 
14088 
14088 
14088 
14088 
14088 
14092 
14092 
14092 
14092 
14092 
14092 
14092 
14092 
14092 
14092 
14092 
14092 
14092 
14092 
14092 
14092 
14092 
14092 
14092 
14092 
14092 
14092 
14092 
14092 
14092 
14092 
14092 
14092 
14107 
14107 
14107 
14107 
14107 
14107 
14107 
14107 
14107 
14107 
14107 
14107 
14107 
14107 
14107 
14107 
14107 
14107 
14107 
14107 
14107 
14107 
14107 
14107 
14107 
14107 
14107 
14107 
14107 
14107 
14125 
14125 
14125 
14125 
14125 
14125 
14125 
14125 
14125 
14125 
14125 
14125 
14125 
14125 
14125 
14125 
14125 
14125 
14125 
14130 
14130 
14130 
14130 
14130 
14130 
14130 
14130 
14130 
14130 
14130 
14130 
14130 
14130 
14130 
14130 
14130 
14130 
14130 
14130 
14130 
14130 
14151 
14151 
14151 
14151 
14151 
14151 
14151 
14151 
14151 
14151 
14151 
14151 
14151 
14151 
14151 
14151 
14151 
14151 
14151 
14151 
14151 
14151 
14159 
14159 
14159 
14159 
14159 
14159 
14159 
14159 
14159 
14159 
14159 
14159 
14159 
14159 
14159 
14159 
14159 
14159 
14159 
14159 
14159 
14159 
14159 
14159 
14174 
14174 
14174 
14174 
14174 
14174 
14174 
14174 
14174 
14174 
14174 
14174 
14174 
14174 
14174 
14174 
14174 
14174 
14174 
14174 
14174 
14174 
14174 
14174 
14174 
14174 
14192 
14192 
14192 
14192 
14192 
14192 
14192 
14192 
14192 
14192 
14192 
14192 
14192 
14192 
14192 
14192 
14192 
14192 
14192 
14192 
14192 
14192 
14192 
14192 
14192 
14192 
14199 
14199 
14199 
14199 
14199 
14212 
14212 
14212 
14228 
14235 
14241 
14241 
14241 
14241 
14241 
14241 
14241 
14241 
14260 
14260 
14266 
14266 
14266 
14266 
14266 
14266 
14274 
14274 
14274 
14274 
14274 
14274 
14274 
14274 
14274 
14274 
14274 
14274 
14274 
14274 
14282 
14282 
14282 
14282 
14282 
14282 
14282 
14282 
14282 
14282 
14282 
14282 
14282 
14282 
14282 
14282 
14282 
14282 
14282 
14282 
14282 
14282 
14282 
14282 
14282 
14282 
14282 
14282 
14282 
14297 
14297 
14297 
14297 
14297 
14297 
14297 
14297 
14297 
14297 
14297 
14297 
14297 
14297 
14297 
14297 
14297 
14297 
14297 
14297 
14307 
14307 
14307 
14307 
14307 
14307 
14307 
14307 
14307 
14307 
14307 
14307 
14307 
14307 
14307 
14307 
14307 
14307 
14307 
14307 
14307 
14307 
14307 
14307 
14319 
14319 
14319 
14319 
14319 
14319 
14319 
14319 
14319 
14319 
14319 
14319 
14319 
14319 
14319 
14319 
14319 
14319 
14319 
14319 
14319 
14319 
14319 
14319 
14319 
14319 
14321 
14321 
14321 
14321 
14321 
14321 
14321 
14321 
14321 
14321 
14321 
14321 
14321 
14321 
14321 
14321 
14321 
14321 
14321 
14321 
14321 
14321 
14321 
14321 
14321 
14321 
14321 
14321 
14321 
14321 
14321 
14321 
14328 
14328 
14328 
14328 
14328 
14328 
14328 
14328 
14328 
14328 
14328 
14328 
14328 
14328 
14328 
14328 
14328 
14328 
14328 
14328 
14328 
14328 
14348 
14348 
14348 
14348 
14348 
14348 
14348 
14348 
14348 
14348 
14348 
14348 
14348 
14348 
14348 
14348 
14348 
14348 
14348 
14348 
14348 
14348 
14348 
14348 
14348 
14348 
14348 
14356 
14356 
14356 
14356 
14356 
14356 
14356 
14356 
14356 
14356 
14356 
14356 
14356 
14356 
14356 
14356 
14356 
14356 
14356 
14356 
14356 
14356 
14356 
14356 
14356 
14356 
14356 
14356 
14356 
14356 
14367 
14367 
14367 
14367 
14367 
14367 
14367 
14367 
14367 
14367 
14367 
14367 
14367 
14367 
14367 
14367 
14367 
14377 
14377 
14377 
14377 
14377 
14377 
14377 
14377 
14377 
14377 
14377 
14387 
14387 
14387 
14387 
14387 
14387 
14387 
14387 
14387 
14387 
14387 
14387 
14387 
14387 
14395 
14395 
14395 
14418 
14418 
14725 
14867 
14895 
14895 
14895 
14895 
14895 
14895 
14895 
14895 
14895 
14895 
14895 
14895 
14895 
14895 
14895 
14895 
14895 
14895 
14895 
14895 
14895 
14895 
14895 
14895 
14895 
14895 
14895 
14895 
14895 
14895 
14895 
14911 
14911 
14911 
14911 
14911 
14911 
14911 
14911 
14911 
14911 
14911 
14911 
14911 
14911 
14911 
14911 
14911 
14911 
14911 
14911 
14911 
14911 
14911 
14911 
14911 
14911 
14911 
14911 
14932 
14932 
14932 
14932 
14932 
14932 
14932 
14932 
14932 
14932 
14932 
14932 
14932 
14932 
14932 
14932 
14932 
14932 
14932 
14932 
14932 
14932 
14932 
14932 
14932 
14932 
14932 
14932 
14932 
14932 
14932 
14932 
14932 
14932 
14932 
14932 
14932 
14932 
14950 
14950 
14950 
14950 
14950 
14950 
14950 
14950 
14950 
14950 
14950 
14950 
14950 
14950 
14950 
14950 
14950 
14950 
14950 
14950 
14950 
14950 
14950 
14950 
14950 
14950 
14950 
14950 
14950 
14950 
14950 
14950 
14950 
14950 
14950 
14955 
14955 
14955 
14955 
14955 
14955 
14955 
14955 
14955 
14955 
14955 
14955 
14955 
14955 
14955 
14955 
14955 
14955 
14955 
14955 
14955 
14955 
14955 
14955 
14955 
14955 
14955 
14955 
14955 
14955 
14955 
14955 
14955 
14955 
14955 
14955 
14955 
14955 
14955 
14955 
14955 
14955 
14955 
14955 
14955 
14955 
14955 
14955 
14955 
14955 
14955 
14955 
14955 
14955 
14955 
14955 
14955 
14955 
14955 
14955 
14955 
14955 
14955 
14955 
14955 
14955 
14955 
14955 
14955 
14966 
14966 
14966 
14966 
14966 
14966 
14966 
14966 
14966 
14966 
14966 
14966 
14966 
14966 
14966 
14966 
14966 
14966 
14966 
14966 
14966 
14966 
14966 
14966 
14966 
14966 
14966 
14966 
14966 
14966 
14966 
14966 
14966 
14966 
14966 
14966 
14966 
14971 
14971 
14971 
14971 
14971 
14971 
14971 
14971 
14971 
14971 
14971 
14971 
14971 
14971 
14971 
14971 
14971 
14971 
14971 
14971 
14971 
14971 
14971 
14971 
14971 
14971 
14971 
14971 
14971 
14971 
14971 
14971 
14971 
14971 
14978 
14978 
14978 
14978 
14978 
14978 
14978 
14978 
14978 
14978 
14978 
14978 
14978 
14978 
14978 
14978 
14978 
14978 
14978 
14978 
14978 
14978 
14978 
14978 
14978 
14978 
14978 
14978 
14978 
14989 
14989 
14989 
14989 
14989 
14989 
14989 
14989 
14989 
14989 
14989 
14989 
14989 
14989 
14989 
14989 
14989 
14989 
14989 
14989 
14989 
14989 
14989 
14989 
14989 
14989 
14989 
14989 
14989 
14989 
14989 
14989 
14989 
14989 
14989 
14989 
14989 
14989 
14989 
15004 
15004 
15004 
15004 
15004 
15004 
15004 
15004 
15004 
15004 
15004 
15004 
15004 
15004 
15004 
15004 
15004 
15004 
15004 
15004 
15004 
15004 
15004 
15004 
15004 
15004 
15004 
15004 
15004 
15004 
15004 
15004 
15004 
15004 
15004 
15004 
15015 
15015 
15015 
15015 
15015 
15015 
15015 
15015 
15015 
15015 
15015 
15015 
15015 
15015 
15015 
15015 
15015 
15015 
15015 
15015 
15015 
15015 
15015 
15015 
15015 
15015 
15015 
15015 
15015 
15015 
15015 
15015 
15015 
15035 
15035 
15035 
15035 
15035 
15035 
15035 
15035 
15035 
15035 
15035 
15035 
15035 
15035 
15035 
15035 
15035 
15035 
15035 
15035 
15035 
15035 
15035 
15035 
15035 
15035 
15035 
15035 
15035 
15048 
15048 
15048 
15048 
15048 
15048 
15048 
15048 
15048 
15048 
15048 
15048 
15048 
15048 
15048 
15048 
15048 
15048 
15048 
15048 
15048 
15048 
15048 
15048 
15048 
15048 
15048 
15048 
15048 
15048 
15048 
15048 
15048 
15048 
15048 
15048 
15048 
15048 
15054 
15054 
15054 
15054 
15054 
15054 
15054 
15054 
15054 
15054 
15054 
15054 
15054 
15054 
15054 
15054 
15054 
15054 
15054 
15054 
15054 
15054 
15054 
15054 
15054 
15054 
15054 
15054 
15054 
15054 
15054 
15054 
15054 
15054 
15054 
15060 
15060 
15060 
15060 
15060 
15060 
15060 
15060 
15060 
15060 
15060 
15060 
15060 
15060 
15060 
15060 
15060 
15060 
15060 
15060 
15060 
15060 
15060 
15060 
15060 
15060 
15060 
15060 
15060 
15060 
15060 
15060 
15064 
15064 
15064 
15064 
15064 
15064 
15064 
15064 
15064 
15064 
15064 
15064 
15064 
15064 
15064 
15064 
15064 
15064 
15064 
15064 
15064 
15064 
15064 
15064 
15064 
15064 
15064 
15064 
15083 
15083 
15083 
15083 
15083 
15083 
15083 
15083 
15083 
15083 
15083 
15083 
15083 
15083 
15083 
15083 
15083 
15083 
15083 
15083 
15083 
15083 
15083 
15083 
15083 
15083 
15083 
15083 
15083 
15083 
15083 
15083 
15083 
15083 
15083 
15083 
15083 
15083 
15104 
15104 
15104 
15104 
15104 
15104 
15104 
15104 
15104 
15104 
15104 
15104 
15104 
15104 
15104 
15104 
15104 
15104 
15104 
15104 
15104 
15104 
15104 
15104 
15104 
15104 
15104 
15104 
15104 
15104 
15104 
15104 
15104 
15104 
15107 
15107 
15107 
15107 
15107 
15107 
15107 
15107 
15107 
15107 
15107 
15107 
15107 
15107 
15107 
15107 
15107 
15107 
15107 
15107 
15107 
15107 
15107 
15107 
15107 
15107 
15107 
15107 
15107 
15107 
15107 
15107 
15122 
15122 
15122 
15122 
15122 
15122 
15122 
15122 
15122 
15122 
15122 
15122 
15122 
15122 
15122 
15122 
15122 
15122 
15122 
15122 
15122 
15122 
15122 
15122 
15122 
15122 
15122 
15129 
15129 
15129 
15129 
15129 
15129 
15129 
15129 
15129 
15129 
15129 
15129 
15129 
15129 
15129 
15129 
15129 
15129 
15129 
15129 
15129 
15129 
15129 
15129 
15129 
15129 
15129 
15129 
15129 
15129 
15129 
15129 
15129 
15129 
15129 
15129 
15129 
15129 
15145 
15145 
15145 
15145 
15145 
15145 
15145 
15145 
15145 
15145 
15145 
15145 
15145 
15145 
15145 
15145 
15145 
15145 
15145 
15145 
15145 
15145 
15145 
15145 
15145 
15145 
15145 
15145 
15145 
15145 
15145 
15145 
15145 
15145 
15153 
15153 
15153 
15153 
15153 
15153 
15153 
15153 
15153 
15153 
15153 
15153 
15153 
15153 
15153 
15153 
15153 
15153 
15153 
15153 
15153 
15153 
15153 
15153 
15153 
15153 
15153 
15153 
15153 
15153 
15153 
15167 
15167 
15167 
15167 
15167 
15167 
15167 
15167 
15167 
15167 
15167 
15167 
15167 
15167 
15167 
15167 
15167 
15167 
15167 
15167 
15167 
15167 
15167 
15167 
15167 
15167 
15172 
15172 
15172 
15172 
15172 
15172 
15172 
15172 
15172 
15172 
15172 
15172 
15172 
15172 
15172 
15172 
15172 
15172 
15172 
15172 
15172 
15172 
15172 
15172 
15172 
15172 
15172 
15172 
15172 
15172 
15172 
15172 
15172 
15172 
15172 
15172 
15172 
15181 
15181 
15181 
15181 
15181 
15181 
15181 
15181 
15181 
15181 
15181 
15181 
15181 
15181 
15181 
15181 
15181 
15181 
15181 
15181 
15181 
15181 
15181 
15181 
15181 
15181 
15181 
15181 
15181 
15181 
15181 
15181 
15181 
15185 
15185 
15185 
15185 
15185 
15185 
15185 
15185 
15185 
15185 
15185 
15185 
15185 
15185 
15185 
15185 
15185 
15185 
15185 
15185 
15185 
15185 
15185 
15185 
15185 
15185 
15185 
15185 
15185 
15185 
15194 
15194 
15194 
15194 
15194 
15194 
15194 
15194 
15194 
15194 
15194 
15194 
15194 
15194 
15194 
15194 
15194 
15194 
15194 
15194 
15194 
15194 
15194 
15194 
15194 
15196 
15196 
15196 
15196 
15196 
15196 
15196 
15196 
15196 
15196 
15196 
15196 
15196 
15196 
15196 
15196 
15196 
15196 
15196 
15196 
15196 
15196 
15196 
15196 
15196 
15196 
15196 
15196 
15196 
15196 
15196 
15196 
15196 
15196 
15196 
15204 
15204 
15204 
15204 
15204 
15204 
15204 
15204 
15204 
15204 
15204 
15204 
15204 
15204 
15204 
15204 
15204 
15204 
15204 
15204 
15204 
15204 
15204 
15204 
15204 
15204 
15204 
15204 
15204 
15204 
15204 
15223 
15223 
15223 
15223 
15223 
15223 
15223 
15223 
15223 
15223 
15223 
15223 
15223 
15223 
15223 
15223 
15223 
15223 
15223 
15223 
15223 
15223 
15223 
15223 
15223 
15223 
15223 
15223 
15243 
15243 
15243 
15243 
15243 
15243 
15243 
15243 
15243 
15243 
15243 
15243 
15243 
15243 
15243 
15243 
15243 
15243 
15243 
15243 
15243 
15243 
15243 
15243 
15243 
15243 
15243 
15243 
15243 
15243 
15243 
15243 
15243 
15243 
15243 
15243 
15243 
15250 
15250 
15250 
15250 
15250 
15250 
15250 
15250 
15250 
15250 
15250 
15250 
15250 
15250 
15250 
15250 
15250 
15250 
15250 
15250 
15250 
15250 
15250 
15250 
15250 
15250 
15250 
15250 
15250 
15250 
15250 
15250 
15250 
15269 
15269 
15269 
15269 
15269 
15269 
15269 
15269 
15269 
15269 
15269 
15269 
15269 
15269 
15269 
15269 
15269 
15269 
15269 
15269 
15269 
15269 
15269 
15269 
15269 
15269 
15269 
15269 
15269 
15277 
15277 
15277 
15277 
15277 
15277 
15277 
15277 
15277 
15277 
15277 
15277 
15277 
15277 
15277 
15277 
15277 
15277 
15277 
15277 
15277 
15277 
15277 
15277 
15277 
15277 
15277 
15277 
15277 
15277 
15277 
15277 
15277 
15277 
15277 
15277 
15277 
15277 
15277 
15296 
15296 
15296 
15296 
15296 
15296 
15296 
15296 
15296 
15296 
15296 
15296 
15296 
15296 
15296 
15296 
15296 
15296 
15296 
15296 
15296 
15296 
15296 
15296 
15296 
15296 
15296 
15296 
15296 
15296 
15296 
15296 
15296 
15296 
15296 
15301 
15301 
15301 
15301 
15301 
15301 
15301 
15301 
15301 
15301 
15301 
15301 
15301 
15301 
15301 
15301 
15301 
15301 
15301 
15301 
15301 
15301 
15301 
15301 
15301 
15301 
15301 
15301 
15301 
15301 
15301 
15315 
15315 
15315 
15315 
15315 
15315 
15315 
15315 
15315 
15315 
15315 
15315 
15315 
15315 
15315 
15315 
15315 
15315 
15315 
15315 
15315 
15315 
15315 
15315 
15315 
15315 
15321 
15321 
15321 
15321 
15321 
15321 
15321 
15321 
15321 
15321 
15321 
15321 
15321 
15321 
15321 
15321 
15321 
15321 
15321 
15321 
15321 
15321 
15321 
15321 
15321 
15321 
15321 
15321 
15321 
15321 
15321 
15321 
15321 
15321 
15321 
15321 
15326 
15326 
15326 
15326 
15326 
15326 
15326 
15326 
15326 
15326 
15326 
15326 
15326 
15326 
15326 
15326 
15326 
15326 
15326 
15326 
15326 
15326 
15326 
15326 
15326 
15326 
15326 
15326 
15326 
15326 
15326 
15346 
15346 
15346 
15346 
15346 
15346 
15346 
15346 
15346 
15346 
15346 
15346 
15346 
15346 
15346 
15346 
15346 
15346 
15346 
15346 
15346 
15346 
15346 
15346 
15346 
15346 
15364 
15364 
15364 
15364 
15364 
15364 
15364 
15364 
15364 
15364 
15364 
15364 
15364 
15364 
15364 
15364 
15364 
15364 
15364 
15364 
15364 
15364 
15364 
15364 
15364 
15364 
15364 
15364 
15364 
15364 
15364 
15364 
15364 
15364 
15364 
15364 
15379 
15379 
15379 
15379 
15379 
15379 
15379 
15379 
15379 
15379 
15379 
15379 
15379 
15379 
15379 
15379 
15379 
15379 
15379 
15379 
15379 
15379 
15379 
15379 
15379 
15379 
15379 
15379 
15379 
15379 
15379 
15379 
15384 
15384 
15384 
15384 
15384 
15384 
15384 
15384 
15384 
15384 
15384 
15384 
15384 
15384 
15384 
15384 
15384 
15384 
15384 
15384 
15384 
15384 
15384 
15384 
15384 
15384 
15387 
15387 
15387 
15387 
15387 
15387 
15387 
15387 
15387 
15387 
15387 
15387 
15387 
15387 
15387 
15387 
15387 
15387 
15387 
15387 
15387 
15387 
15387 
15387 
15387 
15387 
15387 
15387 
15387 
15387 
15387 
15387 
15387 
15387 
15387 
15389 
15389 
15389 
15389 
15389 
15389 
15389 
15389 
15389 
15389 
15389 
15389 
15389 
15389 
15389 
15389 
15389 
15389 
15389 
15389 
15389 
15389 
15389 
15389 
15389 
15389 
15389 
15389 
15389 
15389 
15407 
15407 
15407 
15407 
15407 
15407 
15407 
15407 
15407 
15407 
15407 
15407 
15407 
15407 
15407 
15407 
15407 
15407 
15407 
15407 
15407 
15407 
15407 
15407 
15407 
15407 
15417 
15417 
15417 
15417 
15417 
15417 
15417 
15417 
15417 
15417 
15417 
15417 
15417 
15417 
15417 
15417 
15417 
15417 
15417 
15417 
15417 
15417 
15417 
15417 
15417 
15417 
15417 
15417 
15417 
15417 
15417 
15417 
15417 
15417 
15422 
15422 
15422 
15422 
15422 
15422 
15422 
15422 
15422 
15422 
15422 
15422 
15422 
15422 
15422 
15422 
15422 
15422 
15422 
15422 
15422 
15422 
15422 
15422 
15422 
15422 
15422 
15422 
15422 
15422 
15443 
15443 
15443 
15443 
15443 
15443 
15443 
15443 
15443 
15443 
15443 
15443 
15443 
15443 
15443 
15443 
15443 
15443 
15443 
15443 
15443 
15443 
15443 
15443 
15460 
15460 
15460 
15460 
15460 
15460 
15460 
15460 
15460 
15460 
15460 
15460 
15460 
15460 
15460 
15460 
15460 
15460 
15460 
15460 
15460 
15460 
15460 
15460 
15460 
15460 
15460 
15460 
15460 
15460 
15460 
15460 
15460 
15460 
15469 
15469 
15469 
15469 
15469 
15469 
15469 
15469 
15469 
15469 
15469 
15469 
15469 
15469 
15469 
15469 
15469 
15469 
15469 
15469 
15469 
15469 
15469 
15469 
15469 
15469 
15469 
15469 
15475 
15475 
15475 
15475 
15475 
15475 
15475 
15475 
15475 
15475 
15475 
15475 
15475 
15475 
15475 
15475 
15475 
15475 
15475 
15475 
15475 
15475 
15475 
15475 
15475 
15475 
15475 
15475 
15475 
15475 
15475 
15475 
15475 
15475 
15475 
15475 
15475 
15475 
15495 
15495 
15495 
15495 
15495 
15495 
15495 
15495 
15495 
15495 
15495 
15495 
15495 
15495 
15495 
15495 
15495 
15495 
15495 
15495 
15495 
15495 
15495 
15495 
15495 
15495 
15495 
15495 
15495 
15495 
15495 
15495 
15515 
15515 
15515 
15515 
15515 
15515 
15515 
15515 
15515 
15515 
15515 
15515 
15515 
15515 
15515 
15515 
15515 
15515 
15515 
15515 
15515 
15515 
15515 
15515 
15515 
15515 
15515 
15515 
15525 
15525 
15525 
15525 
15525 
15525 
15525 
15525 
15525 
15525 
15525 
15525 
15525 
15525 
15525 
15525 
15525 
15525 
15525 
15525 
15525 
15525 
15525 
15525 
15525 
15525 
15525 
15525 
15525 
15525 
15525 
15525 
15525 
15525 
15525 
15525 
15529 
15529 
15529 
15529 
15529 
15529 
15529 
15529 
15529 
15529 
15529 
15529 
15529 
15529 
15529 
15529 
15529 
15529 
15529 
15529 
15529 
15529 
15529 
15529 
15529 
15529 
15529 
15529 
15529 
15529 
15529 
15544 
15544 
15544 
15544 
15544 
15544 
15544 
15544 
15544 
15544 
15544 
15544 
15544 
15544 
15544 
15544 
15544 
15544 
15544 
15544 
15544 
15544 
15544 
15544 
15544 
15544 
15547 
15547 
15547 
15547 
15547 
15547 
15547 
15547 
15547 
15547 
15547 
15547 
15547 
15547 
15547 
15547 
15547 
15547 
15547 
15547 
15547 
15547 
15547 
15547 
15547 
15547 
15547 
15547 
15547 
15547 
15547 
15547 
15547 
15547 
15547 
15547 
15558 
15558 
15558 
15558 
15558 
15558 
15558 
15558 
15558 
15558 
15558 
15558 
15558 
15558 
15558 
15558 
15558 
15558 
15558 
15558 
15558 
15558 
15558 
15558 
15558 
15558 
15558 
15558 
15558 
15558 
15562 
15562 
15562 
15562 
15562 
15562 
15562 
15562 
15562 
15562 
15562 
15562 
15562 
15562 
15562 
15562 
15562 
15562 
15562 
15562 
15562 
15562 
15562 
15562 
15562 
15577 
15577 
15577 
15577 
15577 
15577 
15577 
15577 
15577 
15577 
15577 
15577 
15577 
15577 
15577 
15577 
15577 
15577 
15577 
15577 
15577 
15577 
15577 
15577 
15577 
15577 
15577 
15577 
15577 
15577 
15577 
15577 
15577 
15592 
15592 
15592 
15592 
15592 
15592 
15592 
15592 
15592 
15592 
15592 
15592 
15592 
15592 
15592 
15592 
15592 
15592 
15592 
15592 
15592 
15592 
15592 
15592 
15592 
15592 
15592 
15592 
15592 
15592 
15603 
15603 
15603 
15603 
15603 
15603 
15603 
15603 
15603 
15603 
15603 
15603 
15603 
15603 
15603 
15603 
15603 
15603 
15603 
15603 
15603 
15603 
15603 
15622 
15622 
15622 
15622 
15622 
15622 
15622 
15622 
15622 
15622 
15622 
15622 
15622 
15622 
15622 
15622 
15622 
15622 
15622 
15622 
15622 
15622 
15622 
15622 
15622 
15622 
15622 
15622 
15622 
15622 
15622 
15622 
15622 
15634 
15634 
15634 
15634 
15634 
15634 
15634 
15634 
15634 
15634 
15634 
15634 
15634 
15634 
15634 
15634 
15634 
15634 
15634 
15634 
15634 
15634 
15634 
15634 
15634 
15634 
15634 
15648 
15648 
15648 
15648 
15648 
15648 
15648 
15648 
15648 
15648 
15648 
15648 
15648 
15648 
15648 
15648 
15648 
15648 
15648 
15648 
15648 
15648 
15648 
15648 
15648 
15648 
15648 
15648 
15648 
15648 
15648 
15648 
15648 
15648 
15648 
15648 
15648 
15658 
15658 
15658 
15658 
15658 
15658 
15658 
15658 
15658 
15658 
15658 
15658 
15658 
15658 
15658 
15658 
15658 
15658 
15658 
15658 
15658 
15658 
15658 
15658 
15658 
15658 
15658 
15658 
15658 
15658 
15658 
15678 
15678 
15678 
15678 
15678 
15678 
15678 
15678 
15678 
15678 
15678 
15678 
15678 
15678 
15678 
15678 
15678 
15678 
15678 
15678 
15678 
15678 
15678 
15678 
15678 
15678 
15683 
15683 
15683 
15683 
15683 
15683 
15683 
15683 
15683 
15683 
15683 
15683 
15683 
15683 
15683 
15683 
15683 
15683 
15683 
15683 
15683 
15683 
15683 
15683 
15683 
15683 
15683 
15683 
15683 
15683 
15683 
15683 
15683 
15683 
15704 
15704 
15704 
15704 
15704 
15704 
15704 
15704 
15704 
15704 
15704 
15704 
15704 
15704 
15704 
15704 
15704 
15704 
15704 
15704 
15704 
15704 
15704 
15704 
15704 
15704 
15704 
15704 
15704 
15717 
15717 
15717 
15717 
15717 
15717 
15717 
15717 
15717 
15717 
15717 
15717 
15717 
15717 
15717 
15717 
15717 
15717 
15717 
15717 
15717 
15717 
15717 
15717 
15717 
15717 
15717 
15717 
15717 
15717 
15717 
15717 
15717 
15717 
15717 
15732 
15732 
15732 
15732 
15732 
15732 
15732 
15732 
15732 
15732 
15732 
15732 
15732 
15732 
15732 
15732 
15732 
15732 
15732 
15732 
15732 
15732 
15732 
15732 
15732 
15732 
15732 
15732 
15732 
15732 
15739 
15739 
15739 
15739 
15739 
15739 
15739 
15739 
15739 
15739 
15739 
15739 
15739 
15739 
15739 
15739 
15739 
15739 
15739 
15739 
15739 
15739 
15739 
15739 
15747 
15747 
15747 
15747 
15747 
15747 
15747 
15747 
15747 
15747 
15747 
15747 
15747 
15747 
15747 
15747 
15747 
15747 
15747 
15747 
15747 
15747 
15747 
15747 
15747 
15747 
15747 
15747 
15747 
15747 
15747 
15747 
15747 
15764 
15764 
15764 
15764 
15764 
15764 
15764 
15764 
15764 
15764 
15764 
15764 
15764 
15764 
15764 
15764 
15764 
15764 
15764 
15764 
15764 
15764 
15764 
15764 
15764 
15785 
15785 
15785 
15785 
15785 
15785 
15785 
15785 
15785 
15785 
15785 
15785 
15785 
15785 
15785 
15785 
15785 
15785 
15785 
15785 
15785 
15785 
15785 
15785 
15785 
15785 
15785 
15785 
15785 
15785 
15785 
15785 
15785 
15790 
15790 
15790 
15790 
15790 
15790 
15790 
15790 
15790 
15790 
15790 
15790 
15790 
15790 
15790 
15790 
15790 
15790 
15790 
15790 
15790 
15790 
15790 
15790 
15790 
15790 
15793 
15793 
15793 
15793 
15793 
15793 
15793 
15793 
15793 
15793 
15793 
15793 
15793 
15793 
15793 
15793 
15793 
15793 
15793 
15793 
15793 
15793 
15793 
15793 
15793 
15793 
15793 
15793 
15793 
15793 
15793 
15793 
15793 
15793 
15793 
15800 
15800 
15800 
15800 
15800 
15800 
15800 
15800 
15800 
15800 
15800 
15800 
15800 
15800 
15800 
15800 
15800 
15800 
15800 
15800 
15800 
15800 
15800 
15800 
15800 
15800 
15800 
15807 
15807 
15807 
15807 
15807 
15807 
15807 
15807 
15807 
15807 
15807 
15807 
15807 
15807 
15807 
15807 
15807 
15807 
15807 
15807 
15807 
15807 
15807 
15807 
15807 
15807 
15807 
15807 
15807 
15807 
15807 
15807 
15807 
15807 
15811 
15811 
15811 
15811 
15811 
15811 
15811 
15811 
15811 
15811 
15811 
15811 
15811 
15811 
15811 
15811 
15811 
15811 
15811 
15811 
15811 
15811 
15811 
15811 
15811 
15811 
15811 
15815 
15815 
15815 
15815 
15815 
15815 
15815 
15815 
15815 
15815 
15815 
15815 
15815 
15815 
15815 
15815 
15815 
15815 
15815 
15815 
15815 
15815 
15815 
15815 
15815 
15815 
15815 
15815 
15815 
15815 
15815 
15815 
15815 
15815 
15815 
15815 
15830 
15830 
15830 
15830 
15830 
15830 
15830 
15830 
15830 
15830 
15830 
15830 
15830 
15830 
15830 
15830 
15830 
15830 
15830 
15830 
15830 
15830 
15830 
15830 
15830 
15830 
15830 
15830 
15836 
15836 
15836 
15836 
15836 
15836 
15836 
15836 
15836 
15836 
15836 
15836 
15836 
15836 
15836 
15836 
15836 
15836 
15836 
15836 
15836 
15836 
15836 
15836 
15836 
15836 
15836 
15836 
15836 
15836 
15836 
15836 
15836 
15836 
15836 
15844 
15844 
15844 
15844 
15844 
15844 
15844 
15844 
15844 
15844 
15844 
15844 
15844 
15844 
15844 
15844 
15844 
15844 
15844 
15844 
15844 
15844 
15844 
15844 
15844 
15844 
15844 
15844 
15847 
15847 
15847 
15847 
15847 
15847 
15847 
15847 
15847 
15847 
15847 
15847 
15847 
15847 
15847 
15847 
15847 
15847 
15847 
15847 
15847 
15847 
15847 
15847 
15847 
15847 
15847 
15847 
15847 
15847 
15847 
15847 
15847 
15847 
15847 
15847 
15847 
15865 
15865 
15865 
15865 
15865 
15865 
15865 
15865 
15865 
15865 
15865 
15865 
15865 
15865 
15865 
15865 
15865 
15865 
15865 
15865 
15865 
15865 
15865 
15865 
15865 
15865 
15865 
15865 
15876 
15876 
15876 
15876 
15876 
15876 
15876 
15876 
15876 
15876 
15876 
15876 
15876 
15876 
15876 
15876 
15876 
15876 
15876 
15876 
15876 
15876 
15876 
15876 
15876 
15876 
15876 
15876 
15876 
15876 
15876 
15876 
15876 
15876 
15876 
15876 
15878 
15878 
15878 
15878 
15878 
15878 
15878 
15878 
15878 
15878 
15878 
15878 
15878 
15878 
15878 
15878 
15878 
15878 
15878 
15878 
15878 
15878 
15878 
15878 
15878 
15878 
15878 
15878 
15882 
15882 
15882 
15882 
15882 
15882 
15882 
15882 
15882 
15882 
15882 
15882 
15882 
15882 
15882 
15882 
15882 
15882 
15882 
15882 
15882 
15882 
15882 
15882 
15882 
15882 
15882 
15882 
15882 
15882 
15882 
15882 
15882 
15882 
15882 
15882 
15889 
15889 
15889 
15889 
15889 
15889 
15889 
15889 
15889 
15889 
15889 
15889 
15889 
15889 
15889 
15889 
15889 
15889 
15889 
15889 
15889 
15889 
15889 
15889 
15889 
15889 
15889 
15889 
15901 
15901 
15901 
15901 
15901 
15901 
15901 
15901 
15901 
15901 
15901 
15901 
15901 
15901 
15901 
15901 
15901 
15901 
15901 
15901 
15901 
15901 
15901 
15901 
15901 
15901 
15901 
15901 
15901 
15901 
15901 
15901 
15901 
15901 
15901 
15908 
15908 
15908 
15908 
15908 
15908 
15908 
15908 
15908 
15908 
15908 
15908 
15908 
15908 
15908 
15908 
15908 
15908 
15908 
15908 
15908 
15908 
15908 
15908 
15908 
15908 
15908 
15924 
15924 
15924 
15924 
15924 
15924 
15924 
15924 
15924 
15924 
15924 
15924 
15924 
15924 
15924 
15924 
15924 
15924 
15924 
15924 
15924 
15924 
15924 
15924 
15924 
15924 
15924 
15924 
15924 
15924 
15924 
15924 
15924 
15924 
15939 
15939 
15939 
15939 
15939 
15939 
15939 
15939 
15939 
15939 
15939 
15939 
15939 
15939 
15939 
15939 
15939 
15939 
15939 
15939 
15939 
15939 
15939 
15939 
15939 
15941 
15941 
15941 
15941 
15941 
15941 
15941 
15941 
15941 
15941 
15941 
15941 
15941 
15941 
15941 
15941 
15941 
15941 
15941 
15941 
15941 
15941 
15941 
15941 
15941 
15941 
15941 
15941 
15941 
15941 
15941 
15947 
15947 
15947 
15947 
15947 
15947 
15947 
15947 
15947 
15947 
15947 
15947 
15947 
15947 
15947 
15947 
15947 
15947 
15947 
15947 
15947 
15947 
15947 
15949 
15949 
15949 
15949 
15949 
15949 
15949 
15949 
15949 
15949 
15949 
15949 
15949 
15949 
15949 
15949 
15949 
15949 
15949 
15949 
15949 
15949 
15949 
15949 
15949 
15949 
15949 
15949 
15949 
15953 
15953 
15953 
15953 
15953 
15953 
15953 
15953 
15953 
15953 
15953 
15953 
15953 
15953 
15953 
15953 
15953 
15953 
15953 
15953 
15953 
15953 
15953 
15953 
15953 
15953 
15953 
15953 
15953 
15953 
15953 
15953 
15963 
15963 
15963 
15963 
15963 
15963 
15963 
15963 
15963 
15963 
15963 
15963 
15963 
15963 
15963 
15963 
15963 
15963 
15963 
15963 
15963 
15963 
15963 
15963 
15974 
15974 
15974 
15974 
15974 
15974 
15974 
15974 
15974 
15974 
15974 
15974 
15974 
15974 
15974 
15974 
15974 
15974 
15974 
15974 
15974 
15974 
15974 
15974 
15974 
15974 
15974 
15974 
15974 
15992 
15992 
15992 
15992 
15992 
15992 
15992 
15992 
15992 
15992 
15992 
15992 
15992 
15992 
15992 
15992 
15992 
15992 
15992 
15992 
15992 
15992 
15992 
15992 
15992 
15992 
15992 
15992 
15992 
15992 
15992 
15992 
15992 
16010 
16010 
16010 
16010 
16010 
16010 
16010 
16010 
16010 
16010 
16010 
16010 
16010 
16010 
16028 
16028 
16028 
16028 
16028 
16028 
16028 
16028 
16028 
16028 
16028 
16028 
16028 
16028 
16036 
16036 
16036 
16036 
16036 
16036 
16036 
16036 
16036 
16036 
16036 
16036 
16043 
16043 
16043 
16126 
16279 
16599 
